394514531709367
155641715729861140126955540689
-155641715729861140126955540689
-3770318412058934853592531839069937250974444839405812723345256158045441983630920240102769
0
1560822914452912648259410
0
0
1560822914452912648259410
-1560822914452912648259410
1560822914452912648259410
0
-1
1
1
1
10000
1000000000000
1000000000000000000000000
-155641715729861140126955540689
-155641715729861140126955540689
-578559634721973512720345864492807317
-578559634721973512720345864492807317
-578559634721973512720345864492807317
578559634721973512720345864492807317
-578559634721973512720345864492807317
0
0
394514531709367
133018867431014124521096551660539
-44080058327024322612050017482372734898
-168077262400943742119746716660287238166074
168077262400943742119746716660287238166074
-168077262400943742119746716660287238166074
0
0
0
